0.000000 0.002545
0.001000 0.002538
0.002000 0.002530
0.003000 0.002522
0.004000 0.002514
0.005000 0.002506
0.006000 0.002498
0.007000 0.002490
0.008000 0.002482
0.009000 0.002473
0.010000 0.002465
0.011000 0.002456
0.012000 0.002448
0.013000 0.002439
0.014000 0.002430
0.015000 0.002421
0.016000 0.002412
0.017000 0.002403
0.018000 0.002394
0.019000 0.002384
0.020000 0.002375
0.021000 0.002366
0.022000 0.002356
0.023000 0.002346
0.024000 0.002337
0.025000 0.002327
0.026000 0.002317
0.027000 0.002307
0.028000 0.002297
0.029000 0.002286
0.030000 0.002276
0.031000 0.002266
0.032000 0.002255
0.033000 0.002244
0.034000 0.002234
0.035000 0.002223
0.036000 0.002212
0.037000 0.002201
0.038000 0.002190
0.039000 0.002179
0.040000 0.002168
0.041000 0.002156
0.042000 0.002145
0.043000 0.002133
0.044000 0.002122
0.045000 0.002110
0.046000 0.002098
0.047000 0.002087
0.048000 0.002075
0.049000 0.002063
0.050000 0.002050
0.051000 0.002038
0.052000 0.002026
0.053000 0.002013
0.054000 0.002001
0.055000 0.001988
0.056000 0.001976
0.057000 0.001963
0.058000 0.001950
0.059000 0.001937
0.060000 0.001924
0.061000 0.001911
0.062000 0.001898
0.063000 0.001885
0.064000 0.001871
0.065000 0.001858
0.066000 0.001844
0.067000 0.001831
0.068000 0.001817
0.069000 0.001804
0.070000 0.001790
0.071000 0.001776
0.072000 0.001762
0.073000 0.001748
0.074000 0.001734
0.075000 0.001719
0.076000 0.001705
0.077000 0.001691
0.078000 0.001676
0.079000 0.001662
0.080000 0.001647
0.081000 0.001633
0.082000 0.001618
0.083000 0.001603
0.084000 0.001588
0.085000 0.001573
0.086000 0.001558
0.087000 0.001543
0.088000 0.001528
0.089000 0.001513
0.090000 0.001497
0.091000 0.001482
0.092000 0.001467
0.093000 0.001451
0.094000 0.001436
0.095000 0.001420
0.096000 0.001404
0.097000 0.001389
0.098000 0.001373
0.099000 0.001357
0.100000 0.001341
0.101000 0.001325
0.102000 0.001309
0.103000 0.001293
0.104000 0.001277
0.105000 0.001261
0.106000 0.001244
0.107000 0.001228
0.108000 0.001212
0.109000 0.001195
0.110000 0.001179
0.111000 0.001162
0.112000 0.001146
0.113000 0.001129
0.114000 0.001113
0.115000 0.001096
0.116000 0.001079
0.117000 0.001063
0.118000 0.001046
0.119000 0.001029
0.120000 0.001012
0.121000 0.000995
0.122000 0.000978
0.123000 0.000962
0.124000 0.000945
0.125000 0.000928
0.126000 0.000910
0.127000 0.000893
0.128000 0.000876
0.129000 0.000859
0.130000 0.000842
0.131000 0.000825
0.132000 0.000808
0.133000 0.000791
0.134000 0.000773
0.135000 0.000756
0.136000 0.000739
0.137000 0.000722
0.138000 0.000704
0.139000 0.000687
0.140000 0.000670
0.141000 0.000652
0.142000 0.000635
0.143000 0.000618
0.144000 0.000601
0.145000 0.000583
0.146000 0.000566
0.147000 0.000549
0.148000 0.000531
0.149000 0.000514
0.150000 0.000497
0.151000 0.000479
0.152000 0.000462
0.153000 0.000445
0.154000 0.000427
0.155000 0.000410
0.156000 0.000393
0.157000 0.000376
0.158000 0.000358
0.159000 0.000341
0.160000 0.000324
0.161000 0.000307
0.162000 0.000290
0.163000 0.000273
0.164000 0.000256
0.165000 0.000239
0.166000 0.000222
0.167000 0.000204
0.168000 0.000188
0.169000 0.000171
0.170000 0.000154
0.171000 0.000137
0.172000 0.000120
0.173000 0.000103
0.174000 0.000086
0.175000 0.000070
0.176000 0.000053
0.177000 0.000037
0.178000 0.000020
0.179000 0.000003
0.180000 -0.000013
0.181000 -0.000029
0.182000 -0.000046
0.183000 -0.000062
0.184000 -0.000078
0.185000 -0.000094
0.186000 -0.000111
0.187000 -0.000127
0.188000 -0.000143
0.189000 -0.000159
0.190000 -0.000174
0.191000 -0.000190
0.192000 -0.000206
0.193000 -0.000222
0.194000 -0.000237
0.195000 -0.000253
0.196000 -0.000268
0.197000 -0.000284
0.198000 -0.000299
0.199000 -0.000314
0.200000 -0.000329
0.201000 -0.000344
0.202000 -0.000359
0.203000 -0.000374
0.204000 -0.000389
0.205000 -0.000404
0.206000 -0.000418
0.207000 -0.000433
0.208000 -0.000447
0.209000 -0.000461
0.210000 -0.000476
0.211000 -0.000490
0.212000 -0.000504
0.213000 -0.000518
0.214000 -0.000532
0.215000 -0.000545
0.216000 -0.000559
0.217000 -0.000573
0.218000 -0.000586
0.219000 -0.000599
0.220000 -0.000612
0.221000 -0.000626
0.222000 -0.000639
0.223000 -0.000651
0.224000 -0.000664
0.225000 -0.000677
0.226000 -0.000689
0.227000 -0.000702
0.228000 -0.000714
0.229000 -0.000726
0.230000 -0.000739
0.231000 -0.000750
0.232000 -0.000762
0.233000 -0.000774
0.234000 -0.000786
0.235000 -0.000797
0.236000 -0.000808
0.237000 -0.000820
0.238000 -0.000831
0.239000 -0.000842
0.240000 -0.000853
0.241000 -0.000863
0.242000 -0.000874
0.243000 -0.000884
0.244000 -0.000895
0.245000 -0.000905
0.246000 -0.000915
0.247000 -0.000925
0.248000 -0.000935
0.249000 -0.000944
0.250000 -0.000954
0.251000 -0.000963
0.252000 -0.000972
0.253000 -0.000981
0.254000 -0.000990
0.255000 -0.000999
0.256000 -0.001008
0.257000 -0.001016
0.258000 -0.001025
0.259000 -0.001033
0.260000 -0.001041
0.261000 -0.001049
0.262000 -0.001057
0.263000 -0.001065
0.264000 -0.001072
0.265000 -0.001080
0.266000 -0.001087
0.267000 -0.001094
0.268000 -0.001101
0.269000 -0.001108
0.270000 -0.001114
0.271000 -0.001121
0.272000 -0.001127
0.273000 -0.001134
0.274000 -0.001140
0.275000 -0.001146
0.276000 -0.001151
0.277000 -0.001157
0.278000 -0.001163
0.279000 -0.001168
0.280000 -0.001173
0.281000 -0.001178
0.282000 -0.001183
0.283000 -0.001188
0.284000 -0.001193
0.285000 -0.001197
0.286000 -0.001201
0.287000 -0.001206
0.288000 -0.001210
0.289000 -0.001213
0.290000 -0.001217
0.291000 -0.001221
0.292000 -0.001224
0.293000 -0.001228
0.294000 -0.001231
0.295000 -0.001234
0.296000 -0.001237
0.297000 -0.001239
0.298000 -0.001242
0.299000 -0.001244
0.300000 -0.001247
0.301000 -0.001249
0.302000 -0.001251
0.303000 -0.001253
0.304000 -0.001255
0.305000 -0.001256
0.306000 -0.001258
0.307000 -0.001259
0.308000 -0.001260
0.309000 -0.001261
0.310000 -0.001262
0.311000 -0.001263
0.312000 -0.001263
0.313000 -0.001264
0.314000 -0.001264
0.315000 -0.001264
0.316000 -0.001264
0.317000 -0.001264
0.318000 -0.001264
0.319000 -0.001264
0.320000 -0.001263
0.321000 -0.001263
0.322000 -0.001262
0.323000 -0.001261
0.324000 -0.001260
0.325000 -0.001259
0.326000 -0.001258
0.327000 -0.001257
0.328000 -0.001255
0.329000 -0.001254
0.330000 -0.001252
0.331000 -0.001250
0.332000 -0.001248
0.333000 -0.001246
0.334000 -0.001244
0.335000 -0.001241
0.336000 -0.001239
0.337000 -0.001236
0.338000 -0.001234
0.339000 -0.001231
0.340000 -0.001228
0.341000 -0.001225
0.342000 -0.001222
0.343000 -0.001218
0.344000 -0.001215
0.345000 -0.001212
0.346000 -0.001208
0.347000 -0.001204
0.348000 -0.001201
0.349000 -0.001197
0.350000 -0.001193
0.351000 -0.001189
0.352000 -0.001184
0.353000 -0.001180
0.354000 -0.001176
0.355000 -0.001171
0.356000 -0.001167
0.357000 -0.001162
0.358000 -0.001157
0.359000 -0.001152
0.360000 -0.001147
0.361000 -0.001142
0.362000 -0.001137
0.363000 -0.001132
0.364000 -0.001126
0.365000 -0.001121
0.366000 -0.001115
0.367000 -0.001110
0.368000 -0.001104
0.369000 -0.001098
0.370000 -0.001093
0.371000 -0.001087
0.372000 -0.001081
0.373000 -0.001075
0.374000 -0.001068
0.375000 -0.001062
0.376000 -0.001056
0.377000 -0.001050
0.378000 -0.001043
0.379000 -0.001037
0.380000 -0.001030
0.381000 -0.001023
0.382000 -0.001017
0.383000 -0.001010
0.384000 -0.001003
0.385000 -0.000996
0.386000 -0.000989
0.387000 -0.000982
0.388000 -0.000975
0.389000 -0.000968
0.390000 -0.000961
0.391000 -0.000954
0.392000 -0.000946
0.393000 -0.000939
0.394000 -0.000932
0.395000 -0.000924
0.396000 -0.000917
0.397000 -0.000909
0.398000 -0.000902
0.399000 -0.000894
0.400000 -0.000886
0.401000 -0.000879
0.402000 -0.000871
0.403000 -0.000863
0.404000 -0.000855
0.405000 -0.000847
0.406000 -0.000839
0.407000 -0.000832
0.408000 -0.000824
0.409000 -0.000816
0.410000 -0.000808
0.411000 -0.000799
0.412000 -0.000791
0.413000 -0.000783
0.414000 -0.000775
0.415000 -0.000767
0.416000 -0.000759
0.417000 -0.000751
0.418000 -0.000742
0.419000 -0.000734
0.420000 -0.000726
0.421000 -0.000717
0.422000 -0.000709
0.423000 -0.000701
0.424000 -0.000692
0.425000 -0.000684
0.426000 -0.000676
0.427000 -0.000667
0.428000 -0.000659
0.429000 -0.000651
0.430000 -0.000642
0.431000 -0.000634
0.432000 -0.000625
0.433000 -0.000617
0.434000 -0.000608
0.435000 -0.000600
0.436000 -0.000592
0.437000 -0.000583
0.438000 -0.000575
0.439000 -0.000566
0.440000 -0.000558
0.441000 -0.000549
0.442000 -0.000541
0.443000 -0.000532
0.444000 -0.000524
0.445000 -0.000516
0.446000 -0.000507
0.447000 -0.000499
0.448000 -0.000490
0.449000 -0.000482
0.450000 -0.000474
0.451000 -0.000465
0.452000 -0.000457
0.453000 -0.000448
0.454000 -0.000440
0.455000 -0.000432
0.456000 -0.000423
0.457000 -0.000415
0.458000 -0.000407
0.459000 -0.000399
0.460000 -0.000390
0.461000 -0.000382
0.462000 -0.000374
0.463000 -0.000366
0.464000 -0.000358
0.465000 -0.000350
0.466000 -0.000341
0.467000 -0.000333
0.468000 -0.000325
0.469000 -0.000317
0.470000 -0.000309
0.471000 -0.000301
0.472000 -0.000293
0.473000 -0.000285
0.474000 -0.000278
0.475000 -0.000270
0.476000 -0.000262
0.477000 -0.000254
0.478000 -0.000246
0.479000 -0.000239
0.480000 -0.000231
0.481000 -0.000223
0.482000 -0.000215
0.483000 -0.000208
0.484000 -0.000200
0.485000 -0.000193
0.486000 -0.000185
0.487000 -0.000178
0.488000 -0.000170
0.489000 -0.000163
0.490000 -0.000156
0.491000 -0.000148
0.492000 -0.000141
0.493000 -0.000134
0.494000 -0.000127
0.495000 -0.000119
0.496000 -0.000112
0.497000 -0.000105
0.498000 -0.000098
0.499000 -0.000091
0.500000 -0.000084
0.501000 -0.000077
0.502000 -0.000070
0.503000 -0.000063
0.504000 -0.000057
0.505000 -0.000050
0.506000 -0.000043
0.507000 -0.000037
0.508000 -0.000030
0.509000 -0.000023
0.510000 -0.000017
0.511000 -0.000010
0.512000 -0.000004
0.513000 0.000002
0.514000 0.000009
0.515000 0.000015
0.516000 0.000021
0.517000 0.000027
0.518000 0.000034
0.519000 0.000040
0.520000 0.000046
0.521000 0.000052
0.522000 0.000058
0.523000 0.000064
0.524000 0.000070
0.525000 0.000075
0.526000 0.000081
0.527000 0.000087
0.528000 0.000093
0.529000 0.000098
0.530000 0.000104
0.531000 0.000109
0.532000 0.000115
0.533000 0.000120
0.534000 0.000125
0.535000 0.000131
0.536000 0.000136
0.537000 0.000141
0.538000 0.000146
0.539000 0.000152
0.540000 0.000157
0.541000 0.000162
0.542000 0.000167
0.543000 0.000172
0.544000 0.000176
0.545000 0.000181
0.546000 0.000186
0.547000 0.000191
0.548000 0.000195
0.549000 0.000200
0.550000 0.000205
0.551000 0.000209
0.552000 0.000213
0.553000 0.000218
0.554000 0.000222
0.555000 0.000227
0.556000 0.000231
0.557000 0.000235
0.558000 0.000239
0.559000 0.000243
0.560000 0.000247
0.561000 0.000251
0.562000 0.000255
0.563000 0.000259
0.564000 0.000263
0.565000 0.000267
0.566000 0.000271
0.567000 0.000274
0.568000 0.000278
0.569000 0.000282
0.570000 0.000285
0.571000 0.000289
0.572000 0.000292
0.573000 0.000295
0.574000 0.000299
0.575000 0.000302
0.576000 0.000305
0.577000 0.000309
0.578000 0.000312
0.579000 0.000315
0.580000 0.000318
0.581000 0.000321
0.582000 0.000324
0.583000 0.000327
0.584000 0.000330
0.585000 0.000332
0.586000 0.000335
0.587000 0.000338
0.588000 0.000341
0.589000 0.000343
0.590000 0.000346
0.591000 0.000348
0.592000 0.000351
0.593000 0.000353
0.594000 0.000356
0.595000 0.000358
0.596000 0.000360
0.597000 0.000363
0.598000 0.000365
0.599000 0.000367
0.600000 0.000369
0.601000 0.000371
0.602000 0.000373
0.603000 0.000375
0.604000 0.000377
0.605000 0.000379
0.606000 0.000381
0.607000 0.000383
0.608000 0.000384
0.609000 0.000386
0.610000 0.000388
0.611000 0.000389
0.612000 0.000391
0.613000 0.000392
0.614000 0.000394
0.615000 0.000395
0.616000 0.000397
0.617000 0.000398
0.618000 0.000400
0.619000 0.000401
0.620000 0.000402
0.621000 0.000403
0.622000 0.000405
0.623000 0.000406
0.624000 0.000407
0.625000 0.000408
0.626000 0.000409
0.627000 0.000410
0.628000 0.000411
0.629000 0.000412
0.630000 0.000413
0.631000 0.000413
0.632000 0.000414
0.633000 0.000415
0.634000 0.000416
0.635000 0.000416
0.636000 0.000417
0.637000 0.000418
0.638000 0.000418
0.639000 0.000419
0.640000 0.000419
0.641000 0.000420
0.642000 0.000420
0.643000 0.000420
0.644000 0.000421
0.645000 0.000421
0.646000 0.000421
0.647000 0.000422
0.648000 0.000422
0.649000 0.000422
0.650000 0.000422
0.651000 0.000422
0.652000 0.000422
0.653000 0.000422
0.654000 0.000422
0.655000 0.000422
0.656000 0.000422
0.657000 0.000422
0.658000 0.000422
0.659000 0.000422
0.660000 0.000422
0.661000 0.000422
0.662000 0.000422
0.663000 0.000421
0.664000 0.000421
0.665000 0.000421
0.666000 0.000420
0.667000 0.000420
0.668000 0.000420
0.669000 0.000419
0.670000 0.000419
0.671000 0.000418
0.672000 0.000418
0.673000 0.000417
0.674000 0.000417
0.675000 0.000416
0.676000 0.000415
0.677000 0.000415
0.678000 0.000414
0.679000 0.000413
0.680000 0.000413
0.681000 0.000412
0.682000 0.000411
0.683000 0.000410
0.684000 0.000410
0.685000 0.000409
0.686000 0.000408
0.687000 0.000407
0.688000 0.000406
0.689000 0.000405
0.690000 0.000404
0.691000 0.000403
0.692000 0.000402
0.693000 0.000401
0.694000 0.000400
0.695000 0.000399
0.696000 0.000398
0.697000 0.000397
0.698000 0.000396
0.699000 0.000395
0.700000 0.000394
0.701000 0.000392
0.702000 0.000391
0.703000 0.000390
0.704000 0.000389
0.705000 0.000387
0.706000 0.000386
0.707000 0.000385
0.708000 0.000384
0.709000 0.000382
0.710000 0.000381
0.711000 0.000380
0.712000 0.000378
0.713000 0.000377
0.714000 0.000375
0.715000 0.000374
0.716000 0.000372
0.717000 0.000371
0.718000 0.000369
0.719000 0.000368
0.720000 0.000366
0.721000 0.000365
0.722000 0.000363
0.723000 0.000362
0.724000 0.000360
0.725000 0.000359
0.726000 0.000357
0.727000 0.000355
0.728000 0.000354
0.729000 0.000352
0.730000 0.000351
0.731000 0.000349
0.732000 0.000347
0.733000 0.000346
0.734000 0.000344
0.735000 0.000342
0.736000 0.000340
0.737000 0.000339
0.738000 0.000337
0.739000 0.000335
0.740000 0.000333
0.741000 0.000332
0.742000 0.000330
0.743000 0.000328
0.744000 0.000326
0.745000 0.000324
0.746000 0.000323
0.747000 0.000321
0.748000 0.000319
0.749000 0.000317
0.750000 0.000315
0.751000 0.000313
0.752000 0.000311
0.753000 0.000309
0.754000 0.000308
0.755000 0.000306
0.756000 0.000304
0.757000 0.000302
0.758000 0.000300
0.759000 0.000298
0.760000 0.000296
0.761000 0.000294
0.762000 0.000292
0.763000 0.000290
0.764000 0.000288
0.765000 0.000286
0.766000 0.000284
0.767000 0.000282
0.768000 0.000280
0.769000 0.000278
0.770000 0.000276
0.771000 0.000274
0.772000 0.000272
0.773000 0.000270
0.774000 0.000268
0.775000 0.000266
0.776000 0.000264
0.777000 0.000262
0.778000 0.000260
0.779000 0.000258
0.780000 0.000256
0.781000 0.000254
0.782000 0.000252
0.783000 0.000250
0.784000 0.000248
0.785000 0.000245
0.786000 0.000243
0.787000 0.000241
0.788000 0.000239
0.789000 0.000237
0.790000 0.000235
0.791000 0.000233
0.792000 0.000231
0.793000 0.000229
0.794000 0.000227
0.795000 0.000225
0.796000 0.000223
0.797000 0.000220
0.798000 0.000218
0.799000 0.000216
0.800000 0.000214
0.801000 0.000212
0.802000 0.000210
0.803000 0.000208
0.804000 0.000206
0.805000 0.000204
0.806000 0.000202
0.807000 0.000199
0.808000 0.000197
0.809000 0.000195
0.810000 0.000193
0.811000 0.000191
0.812000 0.000189
0.813000 0.000187
0.814000 0.000185
0.815000 0.000183
0.816000 0.000181
0.817000 0.000179
0.818000 0.000176
0.819000 0.000174
0.820000 0.000172
0.821000 0.000170
0.822000 0.000168
0.823000 0.000166
0.824000 0.000164
0.825000 0.000162
0.826000 0.000160
0.827000 0.000158
0.828000 0.000156
0.829000 0.000154
0.830000 0.000152
0.831000 0.000150
0.832000 0.000147
0.833000 0.000145
0.834000 0.000143
0.835000 0.000141
0.836000 0.000139
0.837000 0.000137
0.838000 0.000135
0.839000 0.000133
0.840000 0.000131
0.841000 0.000129
0.842000 0.000127
0.843000 0.000125
0.844000 0.000123
0.845000 0.000121
0.846000 0.000119
0.847000 0.000117
0.848000 0.000115
0.849000 0.000113
0.850000 0.000111
0.851000 0.000109
0.852000 0.000107
0.853000 0.000105
0.854000 0.000103
0.855000 0.000101
0.856000 0.000099
0.857000 0.000097
0.858000 0.000095
0.859000 0.000094
0.860000 0.000092
0.861000 0.000090
0.862000 0.000088
0.863000 0.000086
0.864000 0.000084
0.865000 0.000082
0.866000 0.000080
0.867000 0.000078
0.868000 0.000076
0.869000 0.000074
0.870000 0.000073
0.871000 0.000071
0.872000 0.000069
0.873000 0.000067
0.874000 0.000065
0.875000 0.000063
0.876000 0.000062
0.877000 0.000060
0.878000 0.000058
0.879000 0.000056
0.880000 0.000054
0.881000 0.000052
0.882000 0.000051
0.883000 0.000049
0.884000 0.000047
0.885000 0.000045
0.886000 0.000044
0.887000 0.000042
0.888000 0.000040
0.889000 0.000038
0.890000 0.000037
0.891000 0.000035
0.892000 0.000033
0.893000 0.000031
0.894000 0.000030
0.895000 0.000028
0.896000 0.000026
0.897000 0.000025
0.898000 0.000023
0.899000 0.000021
0.900000 0.000020
0.901000 0.000018
0.902000 0.000016
0.903000 0.000015
0.904000 0.000013
0.905000 0.000011
0.906000 0.000010
0.907000 0.000008
0.908000 0.000007
0.909000 0.000005
0.910000 0.000003
0.911000 0.000002
0.912000 0.000000
0.913000 -0.000001
0.914000 -0.000003
0.915000 -0.000004
0.916000 -0.000006
0.917000 -0.000007
0.918000 -0.000009
0.919000 -0.000010
0.920000 -0.000012
0.921000 -0.000013
0.922000 -0.000015
0.923000 -0.000016
0.924000 -0.000018
0.925000 -0.000019
0.926000 -0.000021
0.927000 -0.000022
0.928000 -0.000024
0.929000 -0.000025
0.930000 -0.000026
0.931000 -0.000028
0.932000 -0.000029
0.933000 -0.000031
0.934000 -0.000032
0.935000 -0.000033
0.936000 -0.000035
0.937000 -0.000036
0.938000 -0.000037
0.939000 -0.000039
0.940000 -0.000040
0.941000 -0.000041
0.942000 -0.000043
0.943000 -0.000044
0.944000 -0.000045
0.945000 -0.000047
0.946000 -0.000048
0.947000 -0.000049
0.948000 -0.000050
0.949000 -0.000052
0.950000 -0.000053
0.951000 -0.000054
0.952000 -0.000055
0.953000 -0.000056
0.954000 -0.000058
0.955000 -0.000059
0.956000 -0.000060
0.957000 -0.000061
0.958000 -0.000062
0.959000 -0.000063
0.960000 -0.000065
0.961000 -0.000066
0.962000 -0.000067
0.963000 -0.000068
0.964000 -0.000069
0.965000 -0.000070
0.966000 -0.000071
0.967000 -0.000072
0.968000 -0.000073
0.969000 -0.000074
0.970000 -0.000075
0.971000 -0.000076
0.972000 -0.000077
0.973000 -0.000078
0.974000 -0.000079
0.975000 -0.000080
0.976000 -0.000081
0.977000 -0.000082
0.978000 -0.000083
0.979000 -0.000084
0.980000 -0.000085
0.981000 -0.000086
0.982000 -0.000087
0.983000 -0.000088
0.984000 -0.000089
0.985000 -0.000090
0.986000 -0.000091
0.987000 -0.000092
0.988000 -0.000093
0.989000 -0.000093
0.990000 -0.000094
0.991000 -0.000095
0.992000 -0.000096
0.993000 -0.000097
0.994000 -0.000098
0.995000 -0.000098
0.996000 -0.000099
0.997000 -0.000100
0.998000 -0.000101
0.999000 -0.000101
