0.000000 0.971586
0.001000 0.971584
0.002000 0.971558
0.003000 0.971508
0.004000 0.971433
0.005000 0.971334
0.006000 0.971211
0.007000 0.971064
0.008000 0.970892
0.009000 0.970696
0.010000 0.970475
0.011000 0.970230
0.012000 0.969961
0.013000 0.969667
0.014000 0.969349
0.015000 0.969007
0.016000 0.968640
0.017000 0.968249
0.018000 0.967834
0.019000 0.967395
0.020000 0.966931
0.021000 0.966442
0.022000 0.965930
0.023000 0.965393
0.024000 0.964832
0.025000 0.964246
0.026000 0.963637
0.027000 0.963003
0.028000 0.962345
0.029000 0.961662
0.030000 0.960956
0.031000 0.960225
0.032000 0.959470
0.033000 0.958690
0.034000 0.957887
0.035000 0.957060
0.036000 0.956208
0.037000 0.955332
0.038000 0.954433
0.039000 0.953508
0.040000 0.952561
0.041000 0.951589
0.042000 0.950593
0.043000 0.949573
0.044000 0.948529
0.045000 0.947461
0.046000 0.946369
0.047000 0.945254
0.048000 0.944114
0.049000 0.942951
0.050000 0.941764
0.051000 0.940554
0.052000 0.939319
0.053000 0.938061
0.054000 0.936779
0.055000 0.935473
0.056000 0.934144
0.057000 0.932791
0.058000 0.931415
0.059000 0.930015
0.060000 0.928592
0.061000 0.927145
0.062000 0.925675
0.063000 0.924182
0.064000 0.922665
0.065000 0.921125
0.066000 0.919562
0.067000 0.917976
0.068000 0.916366
0.069000 0.914734
0.070000 0.913078
0.071000 0.911399
0.072000 0.909697
0.073000 0.907972
0.074000 0.906225
0.075000 0.904454
0.076000 0.902661
0.077000 0.900845
0.078000 0.899007
0.079000 0.897145
0.080000 0.895261
0.081000 0.893355
0.082000 0.891426
0.083000 0.889474
0.084000 0.887500
0.085000 0.885504
0.086000 0.883486
0.087000 0.881445
0.088000 0.879382
0.089000 0.877297
0.090000 0.875190
0.091000 0.873060
0.092000 0.870909
0.093000 0.868736
0.094000 0.866541
0.095000 0.864324
0.096000 0.862086
0.097000 0.859825
0.098000 0.857544
0.099000 0.855240
0.100000 0.852915
0.101000 0.850569
0.102000 0.848201
0.103000 0.845812
0.104000 0.843402
0.105000 0.840971
0.106000 0.838518
0.107000 0.836044
0.108000 0.833550
0.109000 0.831034
0.110000 0.828498
0.111000 0.825940
0.112000 0.823363
0.113000 0.820764
0.114000 0.818144
0.115000 0.815505
0.116000 0.812845
0.117000 0.810164
0.118000 0.807463
0.119000 0.804742
0.120000 0.802000
0.121000 0.799239
0.122000 0.796457
0.123000 0.793656
0.124000 0.790834
0.125000 0.787993
0.126000 0.785132
0.127000 0.782252
0.128000 0.779351
0.129000 0.776431
0.130000 0.773492
0.131000 0.770533
0.132000 0.767556
0.133000 0.764558
0.134000 0.761542
0.135000 0.758507
0.136000 0.755452
0.137000 0.752379
0.138000 0.749287
0.139000 0.746176
0.140000 0.743047
0.141000 0.739899
0.142000 0.736732
0.143000 0.733547
0.144000 0.730344
0.145000 0.727122
0.146000 0.723882
0.147000 0.720624
0.148000 0.717348
0.149000 0.714054
0.150000 0.710742
0.151000 0.707413
0.152000 0.704065
0.153000 0.700700
0.154000 0.697318
0.155000 0.693918
0.156000 0.690501
0.157000 0.687066
0.158000 0.683615
0.159000 0.680146
0.160000 0.676660
0.161000 0.673157
0.162000 0.669638
0.163000 0.666101
0.164000 0.662548
0.165000 0.658979
0.166000 0.655393
0.167000 0.651791
0.168000 0.648172
0.169000 0.644537
0.170000 0.640886
0.171000 0.637219
0.172000 0.633536
0.173000 0.629837
0.174000 0.626122
0.175000 0.622392
0.176000 0.618646
0.177000 0.614885
0.178000 0.611108
0.179000 0.607316
0.180000 0.603509
0.181000 0.599687
0.182000 0.595849
0.183000 0.591997
0.184000 0.588130
0.185000 0.584248
0.186000 0.580352
0.187000 0.576441
0.188000 0.572516
0.189000 0.568576
0.190000 0.564622
0.191000 0.560654
0.192000 0.556672
0.193000 0.552676
0.194000 0.548666
0.195000 0.544643
0.196000 0.540605
0.197000 0.536555
0.198000 0.532490
0.199000 0.528413
0.200000 0.524322
0.201000 0.520218
0.202000 0.516101
0.203000 0.511971
0.204000 0.507829
0.205000 0.503673
0.206000 0.499505
0.207000 0.495324
0.208000 0.491131
0.209000 0.486926
0.210000 0.482708
0.211000 0.478479
0.212000 0.474237
0.213000 0.469983
0.214000 0.465718
0.215000 0.461441
0.216000 0.457152
0.217000 0.452852
0.218000 0.448541
0.219000 0.444218
0.220000 0.439884
0.221000 0.435539
0.222000 0.431183
0.223000 0.426816
0.224000 0.422439
0.225000 0.418051
0.226000 0.413652
0.227000 0.409244
0.228000 0.404824
0.229000 0.400395
0.230000 0.395956
0.231000 0.391506
0.232000 0.387047
0.233000 0.382578
0.234000 0.378100
0.235000 0.373612
0.236000 0.369114
0.237000 0.364608
0.238000 0.360092
0.239000 0.355567
0.240000 0.351033
0.241000 0.346490
0.242000 0.341939
0.243000 0.337379
0.244000 0.332811
0.245000 0.328234
0.246000 0.323649
0.247000 0.319056
0.248000 0.314455
0.249000 0.309846
0.250000 0.305229
0.251000 0.300604
0.252000 0.295972
0.253000 0.291332
0.254000 0.286686
0.255000 0.282032
0.256000 0.277370
0.257000 0.272702
0.258000 0.268028
0.259000 0.263346
0.260000 0.258658
0.261000 0.253963
0.262000 0.249262
0.263000 0.244554
0.264000 0.239841
0.265000 0.235122
0.266000 0.230396
0.267000 0.225665
0.268000 0.220928
0.269000 0.216185
0.270000 0.211437
0.271000 0.206684
0.272000 0.201926
0.273000 0.197163
0.274000 0.192395
0.275000 0.187621
0.276000 0.182843
0.277000 0.178061
0.278000 0.173274
0.279000 0.168483
0.280000 0.163687
0.281000 0.158888
0.282000 0.154085
0.283000 0.149277
0.284000 0.144466
0.285000 0.139652
0.286000 0.134833
0.287000 0.130012
0.288000 0.125187
0.289000 0.120359
0.290000 0.115529
0.291000 0.110695
0.292000 0.105858
0.293000 0.101019
0.294000 0.096178
0.295000 0.091334
0.296000 0.086487
0.297000 0.081639
0.298000 0.076789
0.299000 0.071936
0.300000 0.067082
0.301000 0.062226
0.302000 0.057369
0.303000 0.052510
0.304000 0.047651
0.305000 0.042789
0.306000 0.037927
0.307000 0.033064
0.308000 0.028200
0.309000 0.023336
0.310000 0.018471
0.311000 0.013605
0.312000 0.008739
0.313000 0.003873
0.314000 -0.000993
0.315000 -0.005859
0.316000 -0.010725
0.317000 -0.015590
0.318000 -0.020455
0.319000 -0.025320
0.320000 -0.030183
0.321000 -0.035046
0.322000 -0.039909
0.323000 -0.044770
0.324000 -0.049630
0.325000 -0.054488
0.326000 -0.059346
0.327000 -0.064202
0.328000 -0.069056
0.329000 -0.073908
0.330000 -0.078759
0.331000 -0.083607
0.332000 -0.088453
0.333000 -0.093297
0.334000 -0.098139
0.335000 -0.102978
0.336000 -0.107815
0.337000 -0.112649
0.338000 -0.117480
0.339000 -0.122307
0.340000 -0.127133
0.341000 -0.131954
0.342000 -0.136773
0.343000 -0.141588
0.344000 -0.146399
0.345000 -0.151207
0.346000 -0.156011
0.347000 -0.160811
0.348000 -0.165607
0.349000 -0.170398
0.350000 -0.175186
0.351000 -0.179969
0.352000 -0.184747
0.353000 -0.189521
0.354000 -0.194290
0.355000 -0.199054
0.356000 -0.203814
0.357000 -0.208568
0.358000 -0.213317
0.359000 -0.218060
0.360000 -0.222798
0.361000 -0.227531
0.362000 -0.232258
0.363000 -0.236978
0.364000 -0.241694
0.365000 -0.246403
0.366000 -0.251105
0.367000 -0.255802
0.368000 -0.260492
0.369000 -0.265175
0.370000 -0.269852
0.371000 -0.274522
0.372000 -0.279186
0.373000 -0.283842
0.374000 -0.288492
0.375000 -0.293134
0.376000 -0.297768
0.377000 -0.302395
0.378000 -0.307015
0.379000 -0.311627
0.380000 -0.316231
0.381000 -0.320828
0.382000 -0.325416
0.383000 -0.329996
0.384000 -0.334569
0.385000 -0.339132
0.386000 -0.343687
0.387000 -0.348234
0.388000 -0.352772
0.389000 -0.357301
0.390000 -0.361821
0.391000 -0.366332
0.392000 -0.370834
0.393000 -0.375327
0.394000 -0.379810
0.395000 -0.384284
0.396000 -0.388749
0.397000 -0.393203
0.398000 -0.397648
0.399000 -0.402083
0.400000 -0.406508
0.401000 -0.410923
0.402000 -0.415327
0.403000 -0.419722
0.404000 -0.424105
0.405000 -0.428478
0.406000 -0.432841
0.407000 -0.437192
0.408000 -0.441533
0.409000 -0.445863
0.410000 -0.450182
0.411000 -0.454489
0.412000 -0.458785
0.413000 -0.463069
0.414000 -0.467343
0.415000 -0.471604
0.416000 -0.475854
0.417000 -0.480092
0.418000 -0.484318
0.419000 -0.488531
0.420000 -0.492733
0.421000 -0.496922
0.422000 -0.501099
0.423000 -0.505263
0.424000 -0.509415
0.425000 -0.513555
0.426000 -0.517681
0.427000 -0.521794
0.428000 -0.525895
0.429000 -0.529981
0.430000 -0.534056
0.431000 -0.538116
0.432000 -0.542163
0.433000 -0.546197
0.434000 -0.550218
0.435000 -0.554224
0.436000 -0.558216
0.437000 -0.562195
0.438000 -0.566159
0.439000 -0.570110
0.440000 -0.574046
0.441000 -0.577968
0.442000 -0.581876
0.443000 -0.585768
0.444000 -0.589647
0.445000 -0.593510
0.446000 -0.597359
0.447000 -0.601193
0.448000 -0.605012
0.449000 -0.608816
0.450000 -0.612604
0.451000 -0.616377
0.452000 -0.620135
0.453000 -0.623878
0.454000 -0.627604
0.455000 -0.631315
0.456000 -0.635010
0.457000 -0.638690
0.458000 -0.642353
0.459000 -0.646001
0.460000 -0.649632
0.461000 -0.653247
0.462000 -0.656845
0.463000 -0.660427
0.464000 -0.663993
0.465000 -0.667542
0.466000 -0.671074
0.467000 -0.674590
0.468000 -0.678089
0.469000 -0.681571
0.470000 -0.685035
0.471000 -0.688483
0.472000 -0.691913
0.473000 -0.695326
0.474000 -0.698722
0.475000 -0.702100
0.476000 -0.705460
0.477000 -0.708803
0.478000 -0.712128
0.479000 -0.715435
0.480000 -0.718724
0.481000 -0.721996
0.482000 -0.725249
0.483000 -0.728484
0.484000 -0.731701
0.485000 -0.734900
0.486000 -0.738079
0.487000 -0.741241
0.488000 -0.744384
0.489000 -0.747508
0.490000 -0.750614
0.491000 -0.753701
0.492000 -0.756769
0.493000 -0.759818
0.494000 -0.762847
0.495000 -0.765858
0.496000 -0.768850
0.497000 -0.771822
0.498000 -0.774775
0.499000 -0.777708
0.500000 -0.780622
0.501000 -0.783517
0.502000 -0.786391
0.503000 -0.789246
0.504000 -0.792081
0.505000 -0.794897
0.506000 -0.797692
0.507000 -0.800468
0.508000 -0.803223
0.509000 -0.805958
0.510000 -0.808673
0.511000 -0.811368
0.512000 -0.814042
0.513000 -0.816696
0.514000 -0.819329
0.515000 -0.821942
0.516000 -0.824534
0.517000 -0.827106
0.518000 -0.829656
0.519000 -0.832186
0.520000 -0.834695
0.521000 -0.837183
0.522000 -0.839650
0.523000 -0.842096
0.524000 -0.844520
0.525000 -0.846924
0.526000 -0.849306
0.527000 -0.851667
0.528000 -0.854007
0.529000 -0.856325
0.530000 -0.858621
0.531000 -0.860896
0.532000 -0.863150
0.533000 -0.865382
0.534000 -0.867592
0.535000 -0.869780
0.536000 -0.871946
0.537000 -0.874091
0.538000 -0.876213
0.539000 -0.878314
0.540000 -0.880392
0.541000 -0.882449
0.542000 -0.884483
0.543000 -0.886495
0.544000 -0.888485
0.545000 -0.890452
0.546000 -0.892397
0.547000 -0.894320
0.548000 -0.896220
0.549000 -0.898098
0.550000 -0.899953
0.551000 -0.901785
0.552000 -0.903595
0.553000 -0.905382
0.554000 -0.907146
0.555000 -0.908888
0.556000 -0.910607
0.557000 -0.912303
0.558000 -0.913976
0.559000 -0.915626
0.560000 -0.917253
0.561000 -0.918857
0.562000 -0.920438
0.563000 -0.921996
0.564000 -0.923530
0.565000 -0.925042
0.566000 -0.926530
0.567000 -0.927995
0.568000 -0.929436
0.569000 -0.930855
0.570000 -0.932250
0.571000 -0.933621
0.572000 -0.934969
0.573000 -0.936294
0.574000 -0.937595
0.575000 -0.938872
0.576000 -0.940126
0.577000 -0.941357
0.578000 -0.942563
0.579000 -0.943747
0.580000 -0.944906
0.581000 -0.946041
0.582000 -0.947153
0.583000 -0.948241
0.584000 -0.949306
0.585000 -0.950346
0.586000 -0.951363
0.587000 -0.952355
0.588000 -0.953324
0.589000 -0.954269
0.590000 -0.955189
0.591000 -0.956086
0.592000 -0.956959
0.593000 -0.957808
0.594000 -0.958633
0.595000 -0.959433
0.596000 -0.960210
0.597000 -0.960963
0.598000 -0.961691
0.599000 -0.962395
0.600000 -0.963075
0.601000 -0.963731
0.602000 -0.964362
0.603000 -0.964970
0.604000 -0.965553
0.605000 -0.966112
0.606000 -0.966647
0.607000 -0.967157
0.608000 -0.967643
0.609000 -0.968105
0.610000 -0.968543
0.611000 -0.968956
0.612000 -0.969345
0.613000 -0.969709
0.614000 -0.970050
0.615000 -0.970365
0.616000 -0.970657
0.617000 -0.970924
0.618000 -0.971167
0.619000 -0.971385
0.620000 -0.971579
0.621000 -0.971749
0.622000 -0.971894
0.623000 -0.972014
0.624000 -0.972111
0.625000 -0.972183
0.626000 -0.972230
0.627000 -0.972253
0.628000 -0.972252
0.629000 -0.972226
0.630000 -0.972176
0.631000 -0.972101
0.632000 -0.972003
0.633000 -0.971879
0.634000 -0.971731
0.635000 -0.971559
0.636000 -0.971362
0.637000 -0.971142
0.638000 -0.970896
0.639000 -0.970626
0.640000 -0.970332
0.641000 -0.970013
0.642000 -0.969671
0.643000 -0.969303
0.644000 -0.968912
0.645000 -0.968496
0.646000 -0.968055
0.647000 -0.967591
0.648000 -0.967102
0.649000 -0.966588
0.650000 -0.966051
0.651000 -0.965489
0.652000 -0.964903
0.653000 -0.964293
0.654000 -0.963658
0.655000 -0.962999
0.656000 -0.962316
0.657000 -0.961609
0.658000 -0.960878
0.659000 -0.960123
0.660000 -0.959343
0.661000 -0.958539
0.662000 -0.957711
0.663000 -0.956860
0.664000 -0.955984
0.665000 -0.955084
0.666000 -0.954160
0.667000 -0.953212
0.668000 -0.952240
0.669000 -0.951244
0.670000 -0.950224
0.671000 -0.949180
0.672000 -0.948113
0.673000 -0.947021
0.674000 -0.945906
0.675000 -0.944767
0.676000 -0.943604
0.677000 -0.942418
0.678000 -0.941208
0.679000 -0.939974
0.680000 -0.938717
0.681000 -0.937435
0.682000 -0.936131
0.683000 -0.934802
0.684000 -0.933450
0.685000 -0.932075
0.686000 -0.930676
0.687000 -0.929255
0.688000 -0.927809
0.689000 -0.926340
0.690000 -0.924848
0.691000 -0.923332
0.692000 -0.921794
0.693000 -0.920232
0.694000 -0.918647
0.695000 -0.917039
0.696000 -0.915408
0.697000 -0.913754
0.698000 -0.912076
0.699000 -0.910376
0.700000 -0.908653
0.701000 -0.906907
0.702000 -0.905138
0.703000 -0.903346
0.704000 -0.901532
0.705000 -0.899695
0.706000 -0.897835
0.707000 -0.895953
0.708000 -0.894048
0.709000 -0.892120
0.710000 -0.890171
0.711000 -0.888198
0.712000 -0.886204
0.713000 -0.884187
0.714000 -0.882148
0.715000 -0.880086
0.716000 -0.878002
0.717000 -0.875897
0.718000 -0.873769
0.719000 -0.871619
0.720000 -0.869448
0.721000 -0.867254
0.722000 -0.865039
0.723000 -0.862801
0.724000 -0.860543
0.725000 -0.858262
0.726000 -0.855960
0.727000 -0.853636
0.728000 -0.851291
0.729000 -0.848924
0.730000 -0.846536
0.731000 -0.844126
0.732000 -0.841696
0.733000 -0.839244
0.734000 -0.836771
0.735000 -0.834277
0.736000 -0.831762
0.737000 -0.829226
0.738000 -0.826669
0.739000 -0.824091
0.740000 -0.821493
0.741000 -0.818874
0.742000 -0.816234
0.743000 -0.813574
0.744000 -0.810893
0.745000 -0.808192
0.746000 -0.805470
0.747000 -0.802728
0.748000 -0.799966
0.749000 -0.797184
0.750000 -0.794382
0.751000 -0.791560
0.752000 -0.788718
0.753000 -0.785855
0.754000 -0.782973
0.755000 -0.780072
0.756000 -0.777151
0.757000 -0.774210
0.758000 -0.771250
0.759000 -0.768270
0.760000 -0.765272
0.761000 -0.762253
0.762000 -0.759216
0.763000 -0.756159
0.764000 -0.753084
0.765000 -0.749990
0.766000 -0.746876
0.767000 -0.743744
0.768000 -0.740594
0.769000 -0.737424
0.770000 -0.734236
0.771000 -0.731030
0.772000 -0.727805
0.773000 -0.724562
0.774000 -0.721300
0.775000 -0.718021
0.776000 -0.714724
0.777000 -0.711408
0.778000 -0.708075
0.779000 -0.704724
0.780000 -0.701355
0.781000 -0.697968
0.782000 -0.694564
0.783000 -0.691142
0.784000 -0.687704
0.785000 -0.684247
0.786000 -0.680774
0.787000 -0.677283
0.788000 -0.673776
0.789000 -0.670252
0.790000 -0.666710
0.791000 -0.663152
0.792000 -0.659578
0.793000 -0.655986
0.794000 -0.652379
0.795000 -0.648755
0.796000 -0.645114
0.797000 -0.641458
0.798000 -0.637785
0.799000 -0.634096
0.800000 -0.630392
0.801000 -0.626671
0.802000 -0.622935
0.803000 -0.619183
0.804000 -0.615416
0.805000 -0.611633
0.806000 -0.607835
0.807000 -0.604021
0.808000 -0.600193
0.809000 -0.596349
0.810000 -0.592491
0.811000 -0.588617
0.812000 -0.584729
0.813000 -0.580826
0.814000 -0.576908
0.815000 -0.572976
0.816000 -0.569030
0.817000 -0.565069
0.818000 -0.561094
0.819000 -0.557106
0.820000 -0.553103
0.821000 -0.549086
0.822000 -0.545055
0.823000 -0.541011
0.824000 -0.536953
0.825000 -0.532882
0.826000 -0.528797
0.827000 -0.524699
0.828000 -0.520588
0.829000 -0.516464
0.830000 -0.512327
0.831000 -0.508177
0.832000 -0.504014
0.833000 -0.499838
0.834000 -0.495651
0.835000 -0.491450
0.836000 -0.487237
0.837000 -0.483012
0.838000 -0.478775
0.839000 -0.474526
0.840000 -0.470265
0.841000 -0.465992
0.842000 -0.461708
0.843000 -0.457411
0.844000 -0.453104
0.845000 -0.448784
0.846000 -0.444454
0.847000 -0.440113
0.848000 -0.435760
0.849000 -0.431397
0.850000 -0.427022
0.851000 -0.422637
0.852000 -0.418241
0.853000 -0.413835
0.854000 -0.409418
0.855000 -0.404991
0.856000 -0.400554
0.857000 -0.396107
0.858000 -0.391649
0.859000 -0.387182
0.860000 -0.382705
0.861000 -0.378219
0.862000 -0.373722
0.863000 -0.369217
0.864000 -0.364702
0.865000 -0.360178
0.866000 -0.355645
0.867000 -0.351103
0.868000 -0.346552
0.869000 -0.341992
0.870000 -0.337424
0.871000 -0.332847
0.872000 -0.328261
0.873000 -0.323668
0.874000 -0.319066
0.875000 -0.314456
0.876000 -0.309838
0.877000 -0.305212
0.878000 -0.300579
0.879000 -0.295938
0.880000 -0.291289
0.881000 -0.286633
0.882000 -0.281970
0.883000 -0.277300
0.884000 -0.272622
0.885000 -0.267938
0.886000 -0.263246
0.887000 -0.258548
0.888000 -0.253844
0.889000 -0.249133
0.890000 -0.244416
0.891000 -0.239693
0.892000 -0.234963
0.893000 -0.230227
0.894000 -0.225486
0.895000 -0.220738
0.896000 -0.215985
0.897000 -0.211227
0.898000 -0.206463
0.899000 -0.201694
0.900000 -0.196920
0.901000 -0.192140
0.902000 -0.187356
0.903000 -0.182567
0.904000 -0.177773
0.905000 -0.172975
0.906000 -0.168172
0.907000 -0.163364
0.908000 -0.158553
0.909000 -0.153738
0.910000 -0.148918
0.911000 -0.144095
0.912000 -0.139268
0.913000 -0.134437
0.914000 -0.129603
0.915000 -0.124765
0.916000 -0.119924
0.917000 -0.115081
0.918000 -0.110234
0.919000 -0.105383
0.920000 -0.100531
0.921000 -0.095676
0.922000 -0.090818
0.923000 -0.085958
0.924000 -0.081096
0.925000 -0.076231
0.926000 -0.071365
0.927000 -0.066496
0.928000 -0.061626
0.929000 -0.056754
0.930000 -0.051880
0.931000 -0.047005
0.932000 -0.042129
0.933000 -0.037251
0.934000 -0.032373
0.935000 -0.027494
0.936000 -0.022614
0.937000 -0.017733
0.938000 -0.012851
0.939000 -0.007970
0.940000 -0.003088
0.941000 0.001795
0.942000 0.006677
0.943000 0.011559
0.944000 0.016441
0.945000 0.021323
0.946000 0.026204
0.947000 0.031085
0.948000 0.035965
0.949000 0.040844
0.950000 0.045723
0.951000 0.050600
0.952000 0.055476
0.953000 0.060351
0.954000 0.065224
0.955000 0.070096
0.956000 0.074966
0.957000 0.079835
0.958000 0.084701
0.959000 0.089565
0.960000 0.094428
0.961000 0.099288
0.962000 0.104145
0.963000 0.109000
0.964000 0.113852
0.965000 0.118702
0.966000 0.123549
0.967000 0.128392
0.968000 0.133233
0.969000 0.138070
0.970000 0.142904
0.971000 0.147734
0.972000 0.152561
0.973000 0.157384
0.974000 0.162203
0.975000 0.167018
0.976000 0.171830
0.977000 0.176636
0.978000 0.181439
0.979000 0.186237
0.980000 0.191031
0.981000 0.195820
0.982000 0.200604
0.983000 0.205383
0.984000 0.210157
0.985000 0.214926
0.986000 0.219690
0.987000 0.224448
0.988000 0.229200
0.989000 0.233948
0.990000 0.238689
0.991000 0.243425
0.992000 0.248154
0.993000 0.252878
0.994000 0.257596
0.995000 0.262307
0.996000 0.267012
0.997000 0.271710
0.998000 0.276402
0.999000 0.281087
