0.000000 1.000000
0.020000 0.999800
0.040000 0.999200
0.060000 0.998201
0.080000 0.996802
0.100000 0.995004
0.120000 0.992809
0.140000 0.990216
0.160000 0.987227
0.180000 0.983844
0.200000 0.980067
0.220000 0.975897
0.240000 0.971338
0.260000 0.966390
0.280000 0.961055
0.300000 0.955337
0.320000 0.949235
0.340000 0.942755
0.360000 0.935897
0.380000 0.928665
0.400000 0.921061
0.420000 0.913089
0.440000 0.904752
0.460000 0.896052
0.480000 0.886995
0.500000 0.877583
0.520000 0.867819
0.540000 0.857709
0.560000 0.847255
0.580000 0.836463
0.600000 0.825336
0.620000 0.813878
0.640000 0.802096
0.660000 0.789992
0.680000 0.777573
0.700000 0.764842
0.720000 0.751806
0.740000 0.738469
0.760000 0.724836
0.780000 0.710914
0.800000 0.696707
0.820000 0.682221
0.840000 0.667463
0.860000 0.652437
0.880000 0.637151
0.900000 0.621610
0.920000 0.605820
0.940000 0.589788
0.960000 0.573520
0.980000 0.557023
1.000000 0.540302
1.020000 0.523366
1.040000 0.506220
1.060000 0.488872
1.080000 0.471328
1.100000 0.453596
1.120000 0.435682
1.140000 0.417595
1.160000 0.399340
1.180000 0.380925
1.200000 0.362358
1.220000 0.343646
1.240000 0.324796
1.260000 0.305817
1.280000 0.286715
1.300000 0.267499
1.320000 0.248176
1.340000 0.228753
1.360000 0.209239
1.380000 0.189641
1.400000 0.169967
1.420000 0.150225
1.440000 0.130424
1.460000 0.110570
1.480000 0.090672
1.500000 0.070737
1.520000 0.050775
1.540000 0.030791
1.560000 0.010796
1.580000 -0.009204
1.600000 -0.029199
1.620000 -0.049184
1.640000 -0.069149
1.660000 -0.089085
1.680000 -0.108987
1.700000 -0.128845
1.720000 -0.148651
1.740000 -0.168397
1.760000 -0.188077
1.780000 -0.207681
1.800000 -0.227202
1.820000 -0.246632
1.840000 -0.265964
1.860000 -0.285189
1.880000 -0.304300
1.900000 -0.323290
1.920000 -0.342150
1.940000 -0.360873
1.960000 -0.379452
1.980000 -0.397879
2.000000 -0.416147
2.020000 -0.434248
2.040000 -0.452176
2.060000 -0.469923
2.080000 -0.487482
2.100000 -0.504846
2.120000 -0.522008
2.140000 -0.538962
2.160000 -0.555699
2.180000 -0.572214
2.200000 -0.588501
2.220000 -0.604552
2.240000 -0.620362
2.260000 -0.635923
2.280000 -0.651230
2.300000 -0.666276
2.320000 -0.681056
2.340000 -0.695563
2.360000 -0.709793
2.380000 -0.723738
2.400000 -0.737394
2.420000 -0.750755
2.440000 -0.763815
2.460000 -0.776570
2.480000 -0.789015
2.500000 -0.801144
2.520000 -0.812952
2.540000 -0.824435
2.560000 -0.835589
2.580000 -0.846408
2.600000 -0.856889
2.620000 -0.867027
2.640000 -0.876818
2.660000 -0.886258
2.680000 -0.895344
2.700000 -0.904072
2.720000 -0.912438
2.740000 -0.920440
2.760000 -0.928073
2.780000 -0.935335
2.800000 -0.942222
2.820000 -0.948733
2.840000 -0.954865
2.860000 -0.960614
2.880000 -0.965979
2.900000 -0.970958
2.920000 -0.975549
2.940000 -0.979749
2.960000 -0.983557
2.980000 -0.986972
3.000000 -0.989992
3.020000 -0.992617
3.040000 -0.994844
3.060000 -0.996673
3.080000 -0.998104
3.100000 -0.999135
3.120000 -0.999767
3.140000 -0.999999
3.160000 -0.999831
3.180000 -0.999263
3.200000 -0.998295
3.220000 -0.996928
3.240000 -0.995162
3.260000 -0.992998
3.280000 -0.990437
3.300000 -0.987480
3.320000 -0.984128
3.340000 -0.980382
3.360000 -0.976244
3.380000 -0.971715
3.400000 -0.966798
3.420000 -0.961494
3.440000 -0.955806
3.460000 -0.949735
3.480000 -0.943285
3.500000 -0.936457
3.520000 -0.929254
3.540000 -0.921680
3.560000 -0.913737
3.580000 -0.905429
3.600000 -0.896758
3.620000 -0.887729
3.640000 -0.878345
3.660000 -0.868609
3.680000 -0.858526
3.700000 -0.848100
3.720000 -0.837334
3.740000 -0.826234
3.760000 -0.814803
3.780000 -0.803046
3.800000 -0.790968
3.820000 -0.778573
3.840000 -0.765867
3.860000 -0.752855
3.880000 -0.739541
3.900000 -0.725932
3.920000 -0.712033
3.940000 -0.697848
3.960000 -0.683385
3.980000 -0.668648
4.000000 -0.653644
4.020000 -0.638378
4.040000 -0.622857
4.060000 -0.607087
4.080000 -0.591074
4.100000 -0.574824
4.120000 -0.558345
4.140000 -0.541642
4.160000 -0.524723
4.180000 -0.507593
4.200000 -0.490261
4.220000 -0.472733
4.240000 -0.455015
4.260000 -0.437115
4.280000 -0.419041
4.300000 -0.400799
4.320000 -0.382397
4.340000 -0.363842
4.360000 -0.345141
4.380000 -0.326302
4.400000 -0.307333
4.420000 -0.288241
4.440000 -0.269033
4.460000 -0.249718
4.480000 -0.230303
4.500000 -0.210796
4.520000 -0.191204
4.540000 -0.171536
4.560000 -0.151800
4.580000 -0.132003
4.600000 -0.112153
4.620000 -0.092258
4.640000 -0.072326
4.660000 -0.052365
4.680000 -0.032383
4.700000 -0.012389
4.720000 0.007611
4.740000 0.027608
4.760000 0.047593
4.780000 0.067559
4.800000 0.087499
4.820000 0.107403
4.840000 0.127265
4.860000 0.147076
4.880000 0.166827
4.900000 0.186512
4.920000 0.206123
4.940000 0.225651
4.960000 0.245089
4.980000 0.264428
5.000000 0.283662
5.020000 0.302782
5.040000 0.321782
5.060000 0.340653
5.080000 0.359387
5.100000 0.377978
5.120000 0.396418
5.140000 0.414698
5.160000 0.432813
5.180000 0.450755
5.200000 0.468516
5.220000 0.486091
5.240000 0.503470
5.260000 0.520649
5.280000 0.537619
5.300000 0.554374
5.320000 0.570908
5.340000 0.587212
5.360000 0.603283
5.380000 0.619112
5.400000 0.634693
5.420000 0.650020
5.440001 0.665088
5.460000 0.679889
5.480000 0.694418
5.500000 0.708670
5.520000 0.722638
5.540000 0.736317
5.560000 0.749702
5.580000 0.762787
5.600000 0.775566
5.620000 0.788035
5.640000 0.800190
5.660000 0.812023
5.680000 0.823533
5.700000 0.834713
5.720000 0.845559
5.740000 0.856067
5.760000 0.866232
5.780000 0.876051
5.800000 0.885519
5.820000 0.894634
5.840000 0.903390
5.860000 0.911786
5.880000 0.919816
5.900000 0.927478
5.920000 0.934770
5.940000 0.941687
5.960000 0.948229
5.980000 0.954390
6.000000 0.960170
6.020000 0.965566
6.040000 0.970576
6.060000 0.975197
6.080000 0.979429
6.100000 0.983268
6.120000 0.986715
6.140000 0.989767
6.160000 0.992422
6.180000 0.994681
6.200000 0.996542
6.220000 0.998004
6.240000 0.999068
6.260000 0.999731
6.280000 0.999995
6.300000 0.999859
6.320000 0.999322
6.340000 0.998386
6.360000 0.997051
6.380000 0.995317
6.400000 0.993185
6.420000 0.990655
6.440000 0.987730
6.460000 0.984409
6.480000 0.980694
6.500000 0.976588
6.520000 0.972090
6.540000 0.967204
6.560000 0.961931
6.580000 0.956273
6.600000 0.950233
6.620000 0.943812
6.640000 0.937014
6.660000 0.929841
6.680000 0.922297
6.700000 0.914383
6.720000 0.906104
6.740000 0.897462
6.760000 0.888461
6.780000 0.879105
6.800000 0.869397
6.820000 0.859342
6.840000 0.848943
6.860000 0.838204
6.880000 0.827130
6.900000 0.815725
6.920000 0.803994
6.940000 0.791941
6.960000 0.779572
6.980000 0.766890
7.000000 0.753902
7.020000 0.740612
7.040000 0.727027
7.059999 0.713150
7.080000 0.698988
7.100000 0.684547
7.120000 0.669831
7.140000 0.654848
7.160000 0.639603
7.180000 0.624102
7.200000 0.608351
7.220000 0.592357
7.240000 0.576127
7.260000 0.559665
7.280000 0.542980
7.300000 0.526077
7.320000 0.508965
7.340000 0.491648
7.360000 0.474135
7.380000 0.456433
7.400000 0.438547
7.420000 0.420487
7.440000 0.402258
7.460000 0.383868
7.480000 0.365324
7.500000 0.346635
7.520000 0.327808
7.540000 0.308848
7.560000 0.289765
7.580000 0.270567
7.600000 0.251260
7.620000 0.231852
7.640000 0.212353
7.660000 0.192768
7.680000 0.173105
7.700000 0.153374
7.720000 0.133581
7.740000 0.113735
7.760000 0.093843
7.780000 0.073914
7.800000 0.053956
7.820000 0.033975
7.840000 0.013982
7.860000 -0.006018
7.880000 -0.026016
7.900000 -0.046002
7.920000 -0.065970
7.940001 -0.085913
7.960000 -0.105820
7.980000 -0.125685
8.000000 -0.145500
8.020000 -0.165256
8.040000 -0.184947
8.059999 -0.204564
8.080000 -0.224099
8.100000 -0.243545
8.120000 -0.262892
8.140000 -0.282135
8.160000 -0.301264
8.180000 -0.320274
8.200000 -0.339155
8.220000 -0.357901
8.240000 -0.376503
8.260000 -0.394955
8.280000 -0.413248
8.300000 -0.431377
8.320000 -0.449333
8.340000 -0.467109
8.360001 -0.484699
8.380000 -0.502094
8.400000 -0.519288
8.420000 -0.536276
8.440000 -0.553048
8.460000 -0.569599
8.480000 -0.585922
8.500000 -0.602012
8.520000 -0.617861
8.540000 -0.633461
8.560000 -0.648809
8.580000 -0.663897
8.600000 -0.678720
8.620000 -0.693271
8.640000 -0.707545
8.660000 -0.721536
8.679999 -0.735238
8.700000 -0.748646
8.719999 -0.761755
8.740000 -0.774559
8.760000 -0.787054
8.780001 -0.799234
8.800000 -0.811093
8.820001 -0.822629
8.840000 -0.833835
8.860000 -0.844707
8.880000 -0.855242
8.900000 -0.865435
8.920000 -0.875282
8.940000 -0.884778
8.960000 -0.893921
8.980000 -0.902706
9.000000 -0.911130
9.020000 -0.919190
9.040000 -0.926882
9.060000 -0.934203
9.080000 -0.941150
9.100000 -0.947722
9.120000 -0.953914
9.139999 -0.959724
9.160000 -0.965151
9.180000 -0.970191
9.200000 -0.974844
9.220000 -0.979106
9.240000 -0.982977
9.260000 -0.986455
9.280000 -0.989538
9.300000 -0.992225
9.320000 -0.994516
9.340000 -0.996409
9.360000 -0.997903
9.380000 -0.998998
9.400000 -0.999693
9.420000 -0.999989
9.440001 -0.999884
9.460000 -0.999380
9.480000 -0.998476
9.500000 -0.997172
9.520000 -0.995470
9.540000 -0.993369
9.559999 -0.990871
9.580000 -0.987977
9.599999 -0.984688
9.620000 -0.981005
9.639999 -0.976929
9.660000 -0.972463
9.680000 -0.967607
9.700001 -0.962365
9.720000 -0.956738
9.740000 -0.950728
9.760000 -0.944337
9.780000 -0.937569
9.800000 -0.930426
9.820000 -0.922911
9.840000 -0.915027
9.860000 -0.906777
9.880000 -0.898163
9.900000 -0.889191
9.920000 -0.879863
9.940001 -0.870183
9.960000 -0.860155
9.980000 -0.849783
10.000000 -0.839072
10.020000 -0.828024
10.039999 -0.816646
10.060000 -0.804940
10.080000 -0.792913
10.100000 -0.780568
10.120000 -0.767912
10.140000 -0.754947
10.160000 -0.741682
10.180000 -0.728119
10.200000 -0.714266
10.219999 -0.700127
10.240001 -0.685706
10.260000 -0.671013
10.280000 -0.656051
10.299999 -0.640827
10.320000 -0.625346
10.340000 -0.609614
10.360001 -0.593639
10.380000 -0.577427
10.400000 -0.560985
10.420000 -0.544317
10.440001 -0.527431
10.460000 -0.510335
10.480000 -0.493035
10.500000 -0.475537
10.520000 -0.457849
10.540000 -0.439978
10.559999 -0.421932
10.580000 -0.403715
10.599999 -0.385339
10.620001 -0.366806
10.640000 -0.348128
10.660000 -0.329312
10.679999 -0.310363
10.700001 -0.291289
10.720000 -0.272099
10.740000 -0.252801
10.760000 -0.233401
10.780000 -0.213909
10.800000 -0.194330
10.820000 -0.174674
10.840000 -0.154947
10.860000 -0.135160
10.880001 -0.115316
10.900001 -0.095428
10.920000 -0.075502
10.940000 -0.055546
10.959999 -0.035568
10.980000 -0.015573
11.000000 0.004426
11.020000 0.024424
11.040000 0.044411
11.059999 0.064381
11.080000 0.084325
11.100000 0.104236
11.120000 0.124105
11.139999 0.143924
11.160001 0.163687
11.180000 0.183382
11.200000 0.203005
11.219999 0.222546
11.240000 0.241999
11.260000 0.261355
11.280001 0.280607
11.300000 0.299746
11.320000 0.318764
11.339999 0.337655
11.360001 0.356413
11.380000 0.375027
11.400000 0.393491
11.420000 0.411798
11.440001 0.429940
11.460000 0.447909
11.480000 0.465700
11.500000 0.483305
11.520000 0.500716
11.540001 0.517928
11.560000 0.534931
11.580000 0.551720
11.599999 0.568289
11.619999 0.584631
11.640000 0.600740
11.660000 0.616607
11.680000 0.632228
11.700000 0.647596
11.720000 0.662706
11.740000 0.677549
11.760000 0.692123
11.780000 0.706419
11.799999 0.720432
11.820001 0.734158
11.840000 0.747590
11.860000 0.760722
11.879999 0.773551
11.900001 0.786071
11.920000 0.798275
11.940001 0.810161
11.960000 0.821722
11.980000 0.832954
12.000000 0.843854
12.020000 0.854416
12.040000 0.864636
12.059999 0.874510
12.080000 0.884035
12.100000 0.893206
12.120000 0.902020
12.139999 0.910473
12.160000 0.918561
12.180000 0.926283
12.200001 0.933634
12.220000 0.940611
12.240000 0.947212
12.259999 0.953434
12.280001 0.959276
12.300000 0.964733
12.320000 0.969804
12.340000 0.974487
12.360000 0.978781
12.380000 0.982683
12.400000 0.986192
12.420000 0.989307
12.440000 0.992026
12.460001 0.994348
12.480000 0.996272
12.500000 0.997798
12.520000 0.998925
12.539999 0.999652
12.560000 0.999980
12.580000 0.999907
12.600000 0.999435
12.620000 0.998562
12.640000 0.997291
12.660000 0.995620
12.680000 0.993551
12.700000 0.991085
12.719999 0.988222
12.740001 0.984964
12.760000 0.981312
12.780000 0.977268
12.799999 0.972833
12.820000 0.968008
12.840000 0.962796
12.860001 0.957200
12.880000 0.951220
12.900000 0.944860
12.920000 0.938122
12.940001 0.931009
12.960000 0.923523
12.980000 0.915668
13.000000 0.907447
13.020000 0.898862
13.040000 0.889919
13.059999 0.880619
13.080000 0.870967
13.099999 0.860967
13.120001 0.850621
13.140000 0.839937
13.160000 0.828916
13.179999 0.817564
13.200001 0.805884
13.220000 0.793882
13.240000 0.781563
13.260000 0.768931
13.280000 0.755991
13.300000 0.742749
13.320000 0.729210
13.340000 0.715379
13.360000 0.701263
13.380001 0.686864
13.400001 0.672193
13.420000 0.657252
13.440000 0.642049
13.459999 0.626588
13.480000 0.610876
13.500000 0.594921
13.520000 0.578727
13.540000 0.562302
13.559999 0.545652
13.580000 0.528784
13.600000 0.511704
13.620000 0.494420
13.639999 0.476938
13.660001 0.459264
13.680000 0.441408
13.700000 0.423375
13.719999 0.405173
13.740000 0.386808
13.760000 0.368288
13.780001 0.349621
13.800000 0.330815
13.820000 0.311876
13.839999 0.292813
13.860001 0.273631
13.880000 0.254342
13.900000 0.234950
13.920000 0.215464
13.940001 0.195891
13.960000 0.176242
13.980000 0.156521
14.000000 0.136737
14.020000 0.116900
14.040001 0.097013
14.060000 0.077090
14.080000 0.057136
14.099999 0.037159
14.119999 0.017167
14.140000 -0.002833
14.160000 -0.022831
14.180000 -0.042820
14.200000 -0.062792
14.220000 -0.082739
14.240000 -0.102652
14.260000 -0.122525
14.280000 -0.142348
14.299999 -0.162114
14.320001 -0.181817
14.340000 -0.201445
14.360000 -0.220993
14.379999 -0.240453
14.400001 -0.259818
14.420000 -0.279077
14.440001 -0.298226
14.460000 -0.317255
14.480000 -0.336156
14.500000 -0.354924
14.520000 -0.373550
14.540000 -0.392026
14.559999 -0.410345
14.580000 -0.428501
14.600000 -0.446485
14.620000 -0.464290
14.639999 -0.481909
14.660000 -0.499337
14.680000 -0.516564
14.700001 -0.533585
14.720000 -0.550392
14.740000 -0.566978
14.759999 -0.583338
14.780001 -0.599466
14.800000 -0.615353
14.820000 -0.630993
14.840000 -0.646382
14.860000 -0.661512
14.880000 -0.676377
14.900000 -0.690972
14.920000 -0.705291
14.940000 -0.719327
14.960001 -0.733076
14.980000 -0.746531
15.000000 -0.759688
15.020000 -0.772541
15.039999 -0.785084
15.060000 -0.797315
15.080000 -0.809226
15.100000 -0.820813
15.120000 -0.832072
15.140000 -0.842999
15.160000 -0.853587
15.180000 -0.863835
15.200000 -0.873737
15.219999 -0.883289
15.240001 -0.892489
15.260000 -0.901331
15.280000 -0.909813
15.299999 -0.917930
15.320000 -0.925681
15.340000 -0.933062
15.360001 -0.940069
15.380000 -0.946700
15.400000 -0.952953
15.420000 -0.958824
15.440001 -0.964312
15.460000 -0.969414
15.480000 -0.974129
15.500000 -0.978453
15.520000 -0.982387
15.540000 -0.985927
15.559999 -0.989073
15.580000 -0.991824
15.599999 -0.994178
15.620001 -0.996134
15.640000 -0.997691
15.660000 -0.998850
15.679999 -0.999609
15.700001 -0.999968
15.720000 -0.999928
15.740000 -0.999487
15.760000 -0.998646
15.780000 -0.997406
15.800000 -0.995768
15.820000 -0.993730
15.840000 -0.991296
15.860000 -0.988465
15.880001 -0.985238
15.900001 -0.981617
15.920000 -0.977604
15.940000 -0.973200
15.959999 -0.968407
15.980000 -0.963225
16.000000 -0.957659
16.020000 -0.951710
16.039999 -0.945381
16.059999 -0.938673
16.080000 -0.931589
16.100000 -0.924133
16.119999 -0.916308
16.139999 -0.908115
16.160000 -0.899559
16.180000 -0.890644
16.200001 -0.881372
16.219999 -0.871749
16.240000 -0.861776
16.260000 -0.851458
16.280001 -0.840800
16.299999 -0.829806
16.320000 -0.818480
16.340000 -0.806826
16.360001 -0.794849
16.380001 -0.782555
16.400000 -0.769948
16.420000 -0.757033
16.440001 -0.743814
16.460001 -0.730298
16.480000 -0.716492
16.500000 -0.702397
16.520000 -0.688021
16.540001 -0.673371
16.559999 -0.658452
16.580000 -0.643269
16.600000 -0.627828
16.619999 -0.612137
16.639999 -0.596201
16.660000 -0.580025
16.680000 -0.563618
16.699999 -0.546987
16.720001 -0.530134
16.740000 -0.513072
16.760000 -0.495803
16.779999 -0.478338
16.799999 -0.460679
16.820000 -0.442837
16.840000 -0.424817
16.860001 -0.406627
16.879999 -0.388276
16.900002 -0.369767
16.920000 -0.351113
16.940001 -0.332317
16.959999 -0.313390
16.980000 -0.294335
17.000000 -0.275163
17.020000 -0.255881
17.040001 -0.236497
17.059999 -0.217019
17.080000 -0.197454
17.100000 -0.177809
17.120001 -0.158093
17.139999 -0.138315
17.160000 -0.118481
17.180000 -0.098599
17.200001 -0.078677
17.219999 -0.058726
17.240000 -0.038750
17.260000 -0.018758
17.280001 0.001241
17.299999 0.021238
17.320000 0.041228
17.340000 0.061202
17.359999 0.081150
17.380001 0.101069
17.400000 0.120943
17.420000 0.140771
17.439999 0.160541
17.460001 0.180251
17.480000 0.199884
17.500000 0.219440
17.520000 0.238908
17.539999 0.258278
17.560001 0.277549
17.580000 0.296705
17.600000 0.315744
17.619999 0.334655
17.640001 0.353436
17.660000 0.372072
17.680000 0.390561
17.700001 0.408893
17.719999 0.427061
17.740000 0.445059
17.760000 0.462879
17.780001 0.480514
17.799999 0.497956
17.820000 0.515199
17.840000 0.532237
17.860001 0.549062
17.879999 0.565665
17.900000 0.582044
17.920000 0.598190
17.940001 0.614097
17.959999 0.629756
17.980000 0.645166
18.000000 0.660317
18.020000 0.675204
18.040001 0.689821
18.059999 0.704160
18.080000 0.718220
18.099998 0.731990
18.120001 0.745471
18.139999 0.758651
18.160000 0.771528
18.180000 0.784098
18.200001 0.796353
18.220001 0.808290
18.240000 0.819902
18.260000 0.831188
18.279999 0.842140
18.300001 0.852757
18.320000 0.863031
18.340000 0.872961
18.360001 0.882542
18.380001 0.891770
18.400000 0.900640
18.420000 0.909151
18.440001 0.917298
18.459999 0.925077
18.480000 0.932488
18.500000 0.939525
18.520000 0.946186
18.539999 0.952469
18.559999 0.958371
18.580000 0.963889
18.600000 0.969022
18.619999 0.973767
18.639999 0.978123
18.660000 0.982088
18.680000 0.985660
18.700001 0.988837
18.719999 0.991619
18.740000 0.994005
18.760000 0.995993
18.780001 0.997582
18.799999 0.998772
18.820000 0.999563
18.840000 0.999954
18.860001 0.999945
18.880001 0.999537
18.900000 0.998728
18.920000 0.997520
18.940001 0.995913
18.960001 0.993907
18.980000 0.991504
19.000000 0.988705
19.020000 0.985509
19.040001 0.981920
19.059999 0.977938
19.080000 0.973565
19.100000 0.968802
19.119999 0.963653
19.139999 0.958117
19.160000 0.952198
19.180000 0.945898
19.199999 0.939221
19.220001 0.932166
19.240000 0.924740
19.260000 0.916944
19.279999 0.908781
19.299999 0.900254
19.320000 0.891367
19.340000 0.882124
19.360001 0.872527
19.379999 0.862583
19.400002 0.852292
19.420000 0.841661
19.440001 0.830693
19.459999 0.819394
19.480000 0.807766
19.500000 0.795815
19.520000 0.783546
19.540001 0.770963
19.559999 0.758073
19.580000 0.744878
19.600000 0.731386
19.620001 0.717601
19.639999 0.703530
19.660000 0.689177
19.680000 0.674548
19.700001 0.659649
19.719999 0.644488
19.740000 0.629067
19.760000 0.613395
19.780001 0.597477
19.799999 0.581322
19.820000 0.564933
19.840000 0.548318
19.859999 0.531486
19.880001 0.514437
19.900000 0.497186
19.920000 0.479735
19.939999 0.462093
19.960001 0.444263
19.980000 0.426259
